size 100 100
start 5 5
end 95 95
box 8 8 12 12
box 8 18 12 22
box 8 28 12 32
box 8 38 12 42
box 8 48 12 52
box 8 58 12 62
box 8 68 12 72
box 8 78 12 82
box 8 88 12 92
box 18 8 22 12
box 18 18 22 22
box 18 28 22 32
box 18 38 22 42
box 18 48 22 52
box 18 58 22 62
box 18 68 22 72
box 18 78 22 82
box 18 88 22 92
box 28 8 32 12
box 28 18 32 22
box 28 28 32 32
box 28 38 32 42
box 28 48 32 52
box 28 58 32 62
box 28 68 32 72
box 28 78 32 82
box 28 88 32 92
box 38 8 42 12
box 38 18 42 22
box 38 28 42 32
box 38 38 42 42
box 38 48 42 52
box 38 58 42 62
box 38 68 42 72
box 38 78 42 82
box 38 88 42 92
box 48 8 52 12
box 48 18 52 22
box 48 28 52 32
box 48 38 52 42
box 48 48 52 52
box 48 58 52 62
box 48 68 52 72
box 48 78 52 82
box 48 88 52 92
box 58 8 62 12
box 58 18 62 22
box 58 28 62 32
box 58 38 62 42
box 58 48 62 52
box 58 58 62 62
box 58 68 62 72
box 58 78 62 82
box 58 88 62 92
box 68 8 72 12
box 68 18 72 22
box 68 28 72 32
box 68 38 72 42
box 68 48 72 52
box 68 58 72 62
box 68 68 72 72
box 68 78 72 82
box 68 88 72 92
box 78 8 82 12
box 78 18 82 22
box 78 28 82 32
box 78 38 82 42
box 78 48 82 52
box 78 58 82 62
box 78 68 82 72
box 78 78 82 82
box 78 88 82 92
box 88 8 92 12
box 88 18 92 22
box 88 28 92 32
box 88 38 92 42
box 88 48 92 52
box 88 58 92 62
box 88 68 92 72
box 88 78 92 82
box 88 88 92 92
