size 100 100
start 50 2
end 50 92
box 5.79906 8.02809 13.9155 13.9922
box 5.44176 19.0122 11.6761 23.8411
box 8.61113 27.2302 12.387 33.1444
box 8.17608 37.433 14.7611 44.581
box 6.82144 46.4135 10.708 53.0348
box 9.9185 58.7856 10.6862 64.0209
box 9.2166 67.9953 10.649 70.544
box 5.00538 78.9087 12.5647 84.1956
box 6.9368 88.5198 13.1878 92.6214
box 17.5321 5.13612 21.4626 13.8568
box 17.3663 16.1504 22.0011 24.4576
box 18.5834 28.2377 24.0386 34.5951
box 19.6512 35.2534 22.63 40.4303
box 19.0389 46.6839 24.4512 51.7445
box 19.6791 59.8999 22.2885 60.3155
box 18.8086 65.1468 24.511 74.2546
box 18.6667 77.3012 21.876 83.8012
box 17.4373 86.6614 22.658 90.1964
box 27.8118 5.34082 34.654 13.6048
box 28.5785 16.3073 33.1999 21.7702
box 26.5607 29.1701 32.2005 34.4004
box 25.854 38.3483 31.1448 44.4669
box 28.2482 46.5667 34.7823 52.9432
box 26.7135 55.7066 32.1978 64.6198
box 28.0078 65.9262 33.4211 74.5549
box 27.5875 78.9209 34.7513 84.6006
box 29.2617 85.5947 33.2054 92.1598
box 36.902 8.5947 43.93 11.5373
box 37.7648 18.8695 40.9377 21.3812
box 37.2178 27.9175 40.848 34.534
box 39.4841 39.3696 42.4772 43.8024
box 35.0762 45.325 43.4222 51.9159
box 36.2511 58.1567 41.4708 61.1613
box 37.0776 68.7779 40.7619 73.6607
box 39.3726 76.0326 40.8205 83.7254
box 39.6274 85.2495 40.2626 92.6078
box 49.1189 8.79969 53.989 13.6633
box 46.7172 15.163 53.1973 23.7987
box 49.5326 29.3255 52.6011 30.3912
box 49.6505 38.9767 52.3071 44.0984
box 47.1334 46.2221 50.2597 50.789
box 45 58.9784 54.4498 60.6273
box 45.011 69.7297 54.3527 70.3616
box 49.9792 75.3847 52.9695 80.9019
box 49.1843 88.0415 54.5651 94.0985
box 58.2045 7.23757 62.8971 12.2629
box 56.5631 19.5018 62.654 23.7865
box 58.4785 25.0389 62.8849 34.3881
box 56.261 36.8555 60.1771 43.739
box 55.8338 45.3731 64.3664 54.1552
box 55.1028 56.2809 64.5168 64.918
box 56.6656 67.5137 60.8198 74.1501
box 55.5553 79.615 63.2485 81.2402
box 56.8526 88.8543 63.5031 91.5843
box 68.3561 8.84286 70.3708 13.1654
box 68.8817 16.7443 72.5534 24.8573
box 68.5998 27.2695 73.5963 30.5664
box 67.6426 37.0373 74.7216 42.2546
box 68.3182 45.7616 72.1726 50.0162
box 68.2753 57.0076 74.1662 61.1695
box 66.6226 67.5852 72.4097 71.5248
box 66.4396 79.0872 73.1091 80.2043
box 67.9301 86.5201 73.3697 93.1882
box 78.2644 9.07689 83.0455 13.1358
box 76.3464 18.3581 83.7022 21.0111
box 75.3954 26.5762 83.2657 31.2863
box 77.3378 39.5618 81.3025 44.3869
box 76.5694 49.5313 80.5564 51.808
box 77.1165 57.0339 83.3328 61.4439
box 76.1212 68.5581 81.6482 70.9488
box 75.0782 79.9821 84.137 81.6574
box 79.059 87.8175 84.7932 94.5947
box 86.1756 6.50462 90.6057 13.4289
box 88.0808 16.1286 94.7153 24.5814
box 85.6904 28.9823 93.9683 32.7402
box 88.5136 35.4753 94.5482 44.3699
box 87.5093 47.119 90.8138 51.3696
box 85.6771 57.538 92.3183 64.2447
box 87.5201 68.5447 90.9021 73.4209
box 86.3622 79.3047 93.0155 82.4621
box 85.8093 86.3787 90.891 91.1098
