size 100 100
start 2 2
end 98 98
box -2.10057 14.3586 9.90519 23.0358
box 6.36262 29.3261 12.4603 36.3105
box -0.702686 43.6839 15.7791 54.2584
box -2.04968 57.0266 8.95845 73.6311
box 2.54697 69.3597 15.6823 80.7457
box 2.77201 90.8586 13.384 98.7562
box 18.3384 -0.388828 28.7158 15.4888
box 19.5403 16.6711 27.4323 23.0603
box 19.1012 26.9482 24.6676 38.8219
box 15.7743 41.4436 25.1324 53.9998
box 16.0561 61.4456 29.6868 69.3507
box 20.8293 77.9976 26.3389 83.7666
box 21.1431 88.9074 28.798 97.5135
box 29.766 3.03233 36.7697 16.1813
box 33.5721 13.0859 43.5987 25.4591
box 32.1142 31.3262 41.3765 41.6418
box 32.0601 41.0988 44.7494 59.3084
box 27.7567 61.0468 39.5225 68.1158
box 29.6353 76.005 44.6094 85.2497
box 32.5741 88.5517 38.0877 96.2828
box 41.7448 6.90005 58.082 11.8464
box 45.6467 12.2912 54.242 27.9241
box 42.02 33.0879 51.026 37.7944
box 42.9855 43.3118 58.0075 51.1686
box 43.9106 56.7431 50.977 68.8327
box 48.7184 73.7862 58.3771 85.932
box 42.6484 85.085 54.5389 93.8489
box 61.7081 0.230553 68.7031 8.47571
box 57.1306 18.4292 70.3221 23.437
box 61.6489 34.9359 72.7897 36.8311
box 60.8809 49.97 67.4826 50.9193
box 57.5675 62.5813 66.3736 67.5934
box 55.0387 75.5065 72.1404 79.6001
box 56.4355 86.1254 72.675 98.5589
box 73.5675 3.71472 85.265 14.7244
box 77.731 19.8176 87.4858 29.4241
box 73.961 30.2635 79.0754 42.9615
box 72.3423 40.992 86.9354 50.134
box 69.5335 62.2249 79.6246 70.5419
box 74.8062 75.4303 78.6353 82.0837
box 72.3654 84.9386 83.1123 97.4134
box 87.7069 3.71277 93.6152 7.79705
box 85.9989 13.9769 101.093 29.1272
box 83.7945 28.0642 99.0513 39.8873
box 89.2562 43.3018 94.7774 50.3301
box 86.651 63.5016 93.3212 70.0298
box 90.0122 77.0542 95.3574 85.1816
