49 2
51 1
52 1
54 2
55 1
56 4
57 3
58 11
59 6
60 12
61 26
62 39
63 59
64 89
65 93
66 141
67 186
68 252
69 381
70 467
71 675
72 888
73 1230
74 1581
75 1980
76 2590
77 3072
78 3997
79 5001
80 5999
81 7235
82 8571
83 10300
84 12266
85 13793
86 16036
87 18398
88 20497
89 22959
90 25365
91 27772
92 30199
93 32294
94 33845
95 35725
96 37227
97 38627
98 39431
99 40321
100 39781
101 39501
102 38374
103 37611
104 36057
105 34184
106 32250
107 30085
108 27769
109 25715
110 23082
111 20737
112 18223
113 16134
114 13834
115 12092
116 10257
117 8767
118 7184
119 5999
120 5008
121 3979
122 3149
123 2464
124 2028
125 1546
126 1174
127 829
128 677
129 493
130 422
131 261
132 203
133 157
134 104
135 72
136 50
137 28
138 16
139 17
140 10
141 11
142 5
143 4
144 1
145 3
146 1
148 1
150 1
